0.544969 0.594028
0.545126 0.593926
0.545283 0.594011
0.54544 0.593907
0.545597 0.594203
0.545754 0.594089
0.545911 0.594556
0.546068 0.594532
0.546225 0.594428
0.546382 0.594319
0.546539 0.594461
0.546696 0.594438
0.546853 0.594416
0.54701 0.594398
0.547167 0.594392
0.547324 0.594375
0.547481 0.594342
0.547638 0.59431
0.547795 0.594283
0.547952 0.594266
0.548109 0.594253
0.548266 0.59424
0.548423 0.594224
0.54858 0.594205
0.548736 0.594186
0.548893 0.594173
0.54905 0.59417
0.549207 0.594168
0.549364 0.594164
0.549521 0.594158
0.549678 0.594152
0.549835 0.594147
0.549992 0.594138
0.550149 0.594125
0.550306 0.594111
0.550463 0.594097
0.55062 0.594083
0.550777 0.594068
0.550934 0.594039
0.551091 0.594
0.551248 0.593947
0.551405 0.593889
0.551562 0.593836
0.551719 0.5938
0.551876 0.593772
0.552033 0.593745
0.55219 0.593715
0.552347 0.59368
0.552504 0.593631
0.55266 0.593582
0.552817 0.593542
0.552974 0.593505
0.553131 0.59347
0.553288 0.593434
0.553445 0.5934
0.553602 0.593375
0.553759 0.593351
0.553916 0.593327
0.554073 0.593304
0.55423 0.593279
0.554387 0.593248
0.554544 0.593213
0.554701 0.593176
0.554858 0.593139
0.555015 0.593103
0.555172 0.59307
0.555329 0.59304
0.555486 0.593018
0.555643 0.592999
0.5558 0.59298
0.555957 0.59296
0.556114 0.592938
0.556271 0.592914
0.556428 0.592897
0.556585 0.592887
0.556741 0.592862
0.556898 0.592829
0.557055 0.592801
0.557212 0.592772
0.557369 0.592745
0.557526 0.59273
0.557683 0.592716
0.55784 0.592684
0.557997 0.59265
0.558154 0.59263
0.558311 0.592609
0.558468 0.592668
0.558625 0.592639
0.558782 0.592523
0.558939 0.592483
0.559096 0.592453
0.559253 0.592438
0.55941 0.59242
0.559567 0.592397
0.559724 0.592369
0.559881 0.592341
0.560038 0.592319
0.560195 0.5923
0.560352 0.592282
0.560509 0.592261
0.560666 0.592233
0.560822 0.592196
0.560979 0.592161
0.561136 0.59213
0.561293 0.592098
0.56145 0.592063
0.561607 0.592032
0.561764 0.592005
0.561921 0.591972
0.562078 0.591936
0.562235 0.5919
0.562392 0.591866
0.562549 0.591834
0.562706 0.591806
0.562863 0.591782
0.56302 0.591761
0.563177 0.591737
0.563334 0.591705
0.563491 0.591669
0.563648 0.591633
0.563805 0.591595
0.563962 0.591555
0.564119 0.591518
0.564276 0.5915
0.564433 0.591493
0.56459 0.591463
0.564747 0.591424
0.564903 0.5914
0.56506 0.591284
0.565217 0.591275
0.565374 0.591256
0.565531 0.591251
0.565688 0.591356
0.565845 0.591369
0.566002 0.591249
0.566159 0.591243
0.566316 0.591217
0.566473 0.591185
0.56663 0.591174
0.566787 0.591177
0.566944 0.5912
0.567101 0.591166
0.567258 0.591104
0.567415 0.59109
0.567572 0.591046
0.567729 0.590984
0.567886 0.590952
0.568043 0.590948
0.5682 0.590959
0.568357 0.590894
0.568514 0.590935
0.568671 0.590987
0.568827 0.590984
0.568984 0.590939
0.569141 0.590808
0.569298 0.590794
0.569455 0.590781
0.569612 0.590589
0.569769 0.590535
0.569926 0.590411
0.570083 0.590479
0.57024 0.590547
0.570397 0.59028
0.570554 0.590346
0.570711 0.590612
0.570868 0.59094
0.571025 0.592173
0.571182 0.595778
0.571339 0.597982
0.571496 0.601215
0.571653 0.603054
0.57181 0.603741
0.571967 0.610648
0.572124 0.626214
0.572281 0.65377
0.572438 0.726242
0.572595 0.821362
0.572752 0.827819
0.572908 0.791328
0.573065 0.795485
0.573222 0.799577
0.573379 0.803606
0.573536 0.807576
0.573693 0.811489
0.57385 0.815343
0.574007 0.819129
0.574164 0.822848
0.574321 0.826506
0.574478 0.830108
0.574635 0.833651
0.574792 0.83713
0.574949 0.840548
0.575106 0.84391
0.575263 0.847213
0.57542 0.850461
0.575577 0.853644
0.575734 0.856763
0.575891 0.906457
0.576048 0.917404
0.576205 0.928168
0.576362 0.938815
0.576519 0.941706
0.576676 0.936908
0.576833 0.939418
0.576989 0.93438
0.577146 0.929249
0.577303 0.931087
0.57746 0.925769
0.577617 0.920449
0.577774 0.915054
0.577931 0.916251
0.578088 0.910887
0.578245 0.905692
0.578402 0.900708
0.578559 0.896035
0.578716 0.897396
0.578873 0.898522
0.57903 0.89951
0.579187 0.900449
0.579344 0.901366
0.579501 0.896372
0.579658 0.902762
0.579815 0.89823
0.579972 0.899131
0.580129 0.900039
0.580286 0.906716
0.580443 0.913473
0.5806 0.914305
0.580757 0.915143
0.580914 0.915983
0.58107 0.916821
0.581227 0.917651
0.581384 0.918476
0.581541 0.919302
0.581698 0.92013
0.581855 0.920961
0.582012 0.921794
0.582169 0.922629
0.582326 0.923466
0.582483 0.924274
0.58264 0.925045
0.582797 0.925792
0.582954 0.926528
0.583111 0.927263
0.583268 0.928006
0.583425 0.928773
0.583582 0.929575
0.583739 0.930415
0.583896 0.931283
0.584053 0.932191
0.58421 0.933136
0.584367 0.934112
0.584524 0.935124
0.584681 0.936153
0.584838 0.937153
0.584995 0.93808
0.585151 0.938881
0.585308 0.939566
0.585465 0.93218
0.585622 0.932844
0.585779 0.937149
0.585936 0.9413
0.586093 0.941515
0.58625 0.941658
0.586407 0.941735
0.586564 0.941765
0.586721 0.941765
0.586878 0.93796
0.587035 0.934162
0.587192 0.934147
0.587349 0.930254
0.587506 0.930511
0.587663 0.930761
0.58782 0.931003
0.587977 0.931241
0.588134 0.931474
0.588291 0.931706
0.588448 0.931929
0.588605 0.932143
0.588762 0.93235
0.588919 0.932545
0.589075 0.932726
0.589232 0.932894
0.589389 0.933049
0.589546 0.928964
0.589703 0.936344
0.58986 0.944245
0.590017 0.939741
0.590174 0.929584
0.590331 0.93852
0.590488 0.943117
0.590645 0.942693
0.590802 0.935094
0.590959 0.935133
0.591116 0.934054
0.591273 0.941018
0.59143 0.942721
0.591587 0.940435
0.591744 0.917393
0.591901 0.915716
0.592058 0.913972
0.592215 0.912157
0.592372 0.910269
0.592529 0.9083
0.592686 0.906248
0.592843 0.904109
0.593 0.901887
0.593156 0.899569
0.593313 0.897144
0.59347 0.894613
0.593627 0.89197
0.593784 0.889208
0.593941 0.886319
0.594098 0.910391
0.594255 0.866085
0.594412 0.816712
0.594569 0.802522
0.594726 0.797895
0.594883 0.774984
0.59504 0.72392
0.595197 0.683292
0.595354 0.656862
0.595511 0.637883
0.595668 0.637883
0.595825 0.637883
0.595982 0.637882
0.596139 0.63788
0.596296 0.637877
0.596453 0.637869
0.59661 0.637862
0.596767 0.637854
0.596924 0.637841
0.597081 0.637827
0.597237 0.637826
0.597394 0.637823
0.597551 0.637809
0.597708 0.637789
0.597865 0.637765
0.598022 0.637751
0.598179 0.637748
0.598336 0.637745
0.598493 0.637741
0.59865 0.63773
0.598807 0.637716
0.598964 0.637704
0.599121 0.637697
0.599278 0.637696
0.599435 0.637685
0.599592 0.637663
0.599749 0.637649
0.599906 0.637637
0.600063 0.637612
0.60022 0.637582
0.600377 0.63756
0.600534 0.637545
0.600691 0.637535
0.600848 0.637522
0.601005 0.637503
0.601162 0.637485
0.601318 0.637466
0.601475 0.637441
0.601632 0.637416
0.601789 0.637402
0.601946 0.637389
0.602103 0.637365
0.60226 0.637336
0.602417 0.637318
0.602574 0.637308
0.602731 0.637292
0.602888 0.637266
0.603045 0.637236
0.603202 0.637208
0.603359 0.637185
0.603516 0.63716
0.603673 0.637128
0.60383 0.637094
0.603987 0.637057
0.604144 0.637014
0.604301 0.636971
0.604458 0.636931
0.604615 0.636888
0.604772 0.636838
0.604929 0.636797
0.605086 0.636766
0.605243 0.636732
0.605399 0.636687
0.605556 0.636637
0.605713 0.636601
0.60587 0.636575
0.606027 0.636534
0.606184 0.636485
0.606341 0.636434
0.606498 0.636385
0.606655 0.636346
0.606812 0.636296
0.606969 0.636234
0.607126 0.636187
0.607283 0.636052
0.60744 0.636115
0.607597 0.636079
0.607754 0.636036
0.607911 0.635991
0.608068 0.635951
0.608225 0.635918
0.608382 0.635887
0.608539 0.635848
0.608696 0.635802
0.608853 0.635758
0.60901 0.635707
0.609167 0.635662
0.609323 0.635633
0.60948 0.63561
0.609637 0.635589
0.609794 0.635552
0.609951 0.635505
0.610108 0.635461
0.610265 0.635417
0.610422 0.635375
0.610579 0.635334
0.610736 0.63529
0.610893 0.635346
0.61105 0.635303
0.611207 0.635268
0.611364 0.635144
0.611521 0.635109
0.611678 0.63507
0.611835 0.635045
0.611992 0.635025
0.612149 0.634996
0.612306 0.634961
0.612463 0.634919
0.61262 0.634877
0.612777 0.634837
0.612934 0.634792
0.613091 0.634749
0.613248 0.634722
0.613404 0.634695
0.613561 0.634642
0.613718 0.634585
0.613875 0.63454
0.614032 0.634495
0.614189 0.634448
0.614346 0.634404
0.614503 0.634362
0.61466 0.634318
0.614817 0.634273
0.614974 0.634233
0.615131 0.634198
0.615288 0.634167
0.615445 0.634137
0.615602 0.634104
0.615759 0.634077
0.615916 0.63406
0.616073 0.634043
0.61623 0.634025
0.616387 0.634008
0.616544 0.633987
0.616701 0.633949
0.616858 0.633905
0.617015 0.633868
0.617172 0.633838
0.617329 0.633812
0.617485 0.63377
0.617642 0.63372
0.617799 0.633687
0.617956 0.633664
0.618113 0.633645
0.61827 0.633624
0.618427 0.633586
0.618584 0.633554
0.618741 0.633536
0.618898 0.633506
0.619055 0.633469
0.619212 0.633429
0.619369 0.633388
0.619526 0.633355
0.619683 0.633325
0.61984 0.633289
0.619997 0.633247
0.620154 0.633205
0.620311 0.633173
0.620468 0.633149
0.620625 0.633123
0.620782 0.633095
0.620939 0.633067
0.621096 0.633038
0.621253 0.633003
0.62141 0.632961
0.621566 0.63293
0.621723 0.632909
0.62188 0.632878
0.622037 0.632847
0.622194 0.632826
0.622351 0.632807
0.622508 0.632783
0.622665 0.632752
0.622822 0.632723
0.622979 0.632692
0.623136 0.63265
0.623293 0.632612
0.62345 0.63258
0.623607 0.632547
0.623764 0.632515
0.623921 0.632484
0.624078 0.632454
0.624235 0.63242
0.624392 0.632387
0.624549 0.632357
0.624706 0.632335
0.624863 0.632321
0.62502 0.632297
0.625177 0.632264
0.625334 0.632234
0.625491 0.632195
0.625647 0.632149
0.625804 0.632104
0.625961 0.63206
0.626118 0.632013
0.626275 0.631959
0.626432 0.631914
0.626589 0.631898
0.626746 0.63189
0.626903 0.631871
0.62706 0.631845
0.627217 0.631824
0.627374 0.631805
0.627531 0.631774
0.627688 0.631731
0.627845 0.631682
0.628002 0.631638
0.628159 0.6316
0.628316 0.631564
0.628473 0.631537
0.62863 0.631506
0.628787 0.631464
0.628944 0.63142
0.629101 0.631379
0.629258 0.631341
0.629415 0.63131
0.629571 0.631285
0.629728 0.631253
0.629885 0.631204
0.630042 0.631155
0.630199 0.631118
0.630356 0.631075
0.630513 0.631023
0.63067 0.630979
0.630827 0.630938
0.630984 0.630899
0.631141 0.630866
0.631298 0.630844
0.631455 0.630821
0.631612 0.630783
0.631769 0.630738
0.631926 0.630686
0.632083 0.630643
0.63224 0.630623
0.632397 0.630602
0.632554 0.630571
0.632711 0.630537
0.632868 0.630497
0.633025 0.63046
0.633182 0.630428
0.633339 0.630382
0.633496 0.630325
0.633652 0.630273
0.633809 0.630224
0.633966 0.630171
0.634123 0.630114
0.63428 0.630058
0.634437 0.63001
0.634594 0.629966
0.634751 0.629923
0.634908 0.629887
0.635065 0.62985
0.635222 0.629809
0.635379 0.629774
0.635536 0.629738
0.635693 0.629687
0.63585 0.62963
0.636007 0.629582
0.636164 0.629543
0.636321 0.629509
0.636478 0.629472
0.636635 0.629426
0.636792 0.629377
0.636949 0.629333
0.637106 0.629205
0.637263 0.629178
0.63742 0.629263
0.637577 0.629235
0.637733 0.629213
0.63789 0.629196
0.638047 0.629183
0.638204 0.629164
0.638361 0.629108
0.638518 0.629036
0.638675 0.628979
0.638832 0.628926
0.638989 0.628872
0.639146 0.628822
0.639303 0.628783
0.63946 0.628752
0.639617 0.628727
0.639774 0.628697
0.639931 0.62866
0.640088 0.628626
0.640245 0.628593
0.640402 0.628564
0.640559 0.628537
0.640716 0.628508
0.640873 0.628476
0.64103 0.628442
0.641187 0.628405
0.641344 0.628369
0.641501 0.628339
0.641658 0.628315
0.641814 0.628284
0.641971 0.628242
0.642128 0.628209
0.642285 0.628189
0.642442 0.628163
0.642599 0.628132
0.642756 0.628102
0.642913 0.628068
0.64307 0.628026
0.643227 0.627986
0.643384 0.627958
0.643541 0.627937
0.643698 0.627918
0.643855 0.627885
0.644012 0.627833
0.644169 0.627783
0.644326 0.627743
0.644483 0.627702
0.64464 0.627659
0.644797 0.627621
0.644954 0.627587
0.645111 0.627558
0.645268 0.627529
0.645425 0.627503
0.645582 0.627482
0.645739 0.627458
0.645895 0.627436
0.646052 0.62742
0.646209 0.627398
0.646366 0.627365
0.646523 0.627332
0.64668 0.627303
0.646837 0.627272
0.646994 0.627244
0.647151 0.627211
0.647308 0.627177
0.647465 0.627158
0.647622 0.627145
0.647779 0.627123
0.647936 0.627088
0.648093 0.627053
0.64825 0.627022
0.648407 0.626988
0.648564 0.626954
0.648721 0.626922
0.648878 0.626884
0.649035 0.626837
0.649192 0.626796
0.649349 0.626766
0.649506 0.626732
0.649663 0.626696
0.649819 0.626658
0.649976 0.626624
0.650133 0.626601
0.65029 0.626578
0.650447 0.626544
0.650604 0.626504
0.650761 0.626472
0.650918 0.62645
0.651075 0.626419
0.651232 0.626374
0.651389 0.626338
0.651546 0.626311
0.651703 0.626274
0.65186 0.626229
0.652017 0.626188
0.652174 0.626152
0.652331 0.626113
0.652488 0.626073
0.652645 0.626034
0.652802 0.625998
0.652959 0.625961
0.653116 0.625916
0.653273 0.625865
0.65343 0.625822
0.653587 0.625788
0.653744 0.625761
0.6539 0.625735
0.654057 0.625705
0.654214 0.625669
0.654371 0.625632
0.654528 0.625595
0.654685 0.625557
0.654842 0.625515
0.654999 0.625467
0.655156 0.62542
0.655313 0.625378
0.65547 0.625339
0.655627 0.625309
0.655784 0.625379
0.655941 0.625261
0.656098 0.625233
0.656255 0.625199
0.656412 0.625167
0.656569 0.625143
0.656726 0.625124
0.656883 0.625112
0.65704 0.625095
0.657197 0.625057
0.657354 0.625015
0.657511 0.624981
0.657668 0.624942
0.657825 0.624889
0.657981 0.624838
0.658138 0.624795
0.658295 0.624657
0.658452 0.624517
0.658609 0.624379
0.658766 0.624534
0.658923 0.624478
0.65908 0.62442
0.659237 0.624486
0.659394 0.624446
0.659551 0.624405
0.659708 0.624368
0.659865 0.624328
0.660022 0.624282
0.660179 0.62424
0.660336 0.624199
0.660493 0.624154
0.66065 0.624107
0.660807 0.624059
0.660964 0.624012
0.661121 0.623961
0.661278 0.623911
0.661435 0.623867
0.661592 0.623826
0.661749 0.623787
0.661906 0.623751
0.662062 0.623717
0.662219 0.623682
0.662376 0.623645
0.662533 0.623613
0.66269 0.62358
0.662847 0.623549
0.663004 0.623525
0.663161 0.623496
0.663318 0.62346
0.663475 0.623428
0.663632 0.623397
0.663789 0.623357
0.663946 0.623314
0.664103 0.62328
0.66426 0.62325
0.664417 0.623212
0.664574 0.623173
0.664731 0.623135
0.664888 0.623102
0.665045 0.623076
0.665202 0.623045
0.665359 0.623006
0.665516 0.622963
0.665673 0.622918
0.66583 0.622879
0.665987 0.622845
0.666143 0.622814
0.6663 0.622783
0.666457 0.622755
0.666614 0.622729
0.666771 0.622705
0.666928 0.622682
0.667085 0.622655
0.667242 0.622625
0.667399 0.622589
0.667556 0.622549
0.667713 0.622509
0.66787 0.62247
0.668027 0.622434
0.668184 0.622395
0.668341 0.622348
0.668498 0.622296
0.668655 0.62224
0.668812 0.622191
0.668969 0.622156
0.669126 0.62212
0.669283 0.622075
0.66944 0.62204
0.669597 0.62202
0.669754 0.621994
0.669911 0.621958
0.670067 0.62192
0.670224 0.621879
0.670381 0.621842
0.670538 0.621808
0.670695 0.621781
0.670852 0.621759
0.671009 0.621725
0.671166 0.621682
0.671323 0.621641
0.67148 0.621602
0.671637 0.621567
0.671794 0.621535
0.671951 0.621505
0.672108 0.621479
0.672265 0.621455
0.672422 0.621432
0.672579 0.62141
0.672736 0.621387
0.672893 0.621361
0.67305 0.621329
0.673207 0.621291
0.673364 0.621251
0.673521 0.621211
0.673678 0.621172
0.673835 0.621138
0.673992 0.621109
0.674148 0.621081
0.674305 0.62104
0.674462 0.620988
0.674619 0.620942
0.674776 0.620902
0.674933 0.620858
0.67509 0.620812
0.675247 0.620773
0.675404 0.620742
0.675561 0.620714
0.675718 0.620682
0.675875 0.620647
0.676032 0.620612
0.676189 0.620581
0.676346 0.620549
0.676503 0.62052
0.67666 0.620497
0.676817 0.62046
0.676974 0.620414
0.677131 0.620379
0.677288 0.620354
0.677445 0.620327
0.677602 0.620297
0.677759 0.620263
0.677916 0.620226
0.678073 0.620193
0.678229 0.620162
0.678386 0.620118
0.678543 0.620072
0.6787 0.620037
0.678857 0.62001
0.679014 0.619981
0.679171 0.619947
0.679328 0.619908
0.679485 0.619871
0.679642 0.619844
0.679799 0.61982
0.679956 0.619789
0.680113 0.619754
0.68027 0.619716
0.680427 0.61968
0.680584 0.619656
0.680741 0.619631
0.680898 0.619599
0.681055 0.619566
0.681212 0.619532
0.681369 0.619494
0.681526 0.619459
0.681683 0.619424
0.68184 0.619382
0.681997 0.619344
0.682154 0.619324
0.68231 0.619308
0.682467 0.619284
0.682624 0.619242
0.682781 0.619186
0.682938 0.619138
0.683095 0.619099
0.683252 0.619066
0.683409 0.619033
0.683566 0.618992
0.683723 0.618945
0.68388 0.618904
0.684037 0.618868
0.684194 0.618819
0.684351 0.618765
0.684508 0.618724
0.684665 0.618693
0.684822 0.618659
0.684979 0.618624
0.685136 0.618601
0.685293 0.61858
0.68545 0.618541
0.685607 0.618488
0.685764 0.618434
0.685921 0.618381
0.686078 0.618327
0.686235 0.618276
0.686391 0.618232
0.686548 0.618193
0.686705 0.618154
0.686862 0.618117
0.687019 0.618085
0.687176 0.618052
0.687333 0.618021
0.68749 0.61799
0.687647 0.617955
0.687804 0.617909
0.687961 0.617852
0.688118 0.617799
0.688275 0.617751
0.688432 0.617697
0.688589 0.61765
0.688746 0.617616
0.688903 0.61758
0.68906 0.617535
0.689217 0.617488
0.689374 0.617445
0.689531 0.617411
0.689688 0.617376
0.689845 0.61733
0.690002 0.61728
0.690159 0.61724
0.690315 0.617204
0.690472 0.617158
0.690629 0.617109
0.690786 0.617066
0.690943 0.617022
0.6911 0.616974
0.691257 0.616922
0.691414 0.616859
0.691571 0.616799
0.691728 0.616751
0.691885 0.616709
0.692042 0.616669
0.692199 0.616624
0.692356 0.616569
0.692513 0.616515
0.69267 0.616468
0.692827 0.616428
0.692984 0.61639
0.693141 0.616349
0.693298 0.616304
0.693455 0.616261
0.693612 0.616222
0.693769 0.616174
0.693926 0.616114
0.694083 0.616058
0.69424 0.616006
0.694396 0.615965
0.694553 0.615937
0.69471 0.615908
0.694867 0.615875
0.695024 0.615836
0.695181 0.615792
0.695338 0.615755
0.695495 0.615721
0.695652 0.615679
0.695809 0.615631
0.695966 0.615595
0.696123 0.615568
0.69628 0.615533
0.696437 0.615494
0.696594 0.615457
0.696751 0.61542
0.696908 0.615375
0.697065 0.61533
0.697222 0.615298
0.697379 0.615272
0.697536 0.615241
0.697693 0.61521
0.69785 0.615188
0.698007 0.615166
0.698164 0.615136
0.698321 0.615101
0.698477 0.615061
0.698634 0.615016
0.698791 0.614966
0.698948 0.614918
0.699105 0.614878
0.699262 0.614842
0.699419 0.614805
0.699576 0.614774
0.699733 0.614753
0.69989 0.614732
0.700047 0.614706
0.700204 0.614674
0.700361 0.614636
0.700518 0.614595
0.700675 0.614553
0.700832 0.614514
0.700989 0.61448
0.701146 0.614443
0.701303 0.614399
0.70146 0.614357
0.701617 0.614318
0.701774 0.614278
0.701931 0.614238
0.702088 0.6142
0.702245 0.614168
0.702402 0.614135
0.702558 0.614098
0.702715 0.61406
0.702872 0.61402
0.703029 0.613984
0.703186 0.613955
0.703343 0.613923
0.7035 0.613888
0.703657 0.613849
0.703814 0.613807
0.703971 0.613773
0.704128 0.613749
0.704285 0.613726
0.704442 0.613699
0.704599 0.613669
0.704756 0.613635
0.704913 0.613598
0.70507 0.613557
0.705227 0.613521
0.705384 0.613495
0.705541 0.613471
0.705698 0.613444
0.705855 0.613415
0.706012 0.613388
0.706169 0.613362
0.706326 0.613334
0.706482 0.613299
0.706639 0.613258
0.706796 0.613221
0.706953 0.61319
0.70711 0.61316
0.707267 0.613129
0.707424 0.613098
0.707581 0.613065
0.707738 0.613034
0.707895 0.613005
0.708052 0.612969
0.708209 0.612927
0.708366 0.61289
0.708523 0.61286
0.70868 0.612828
0.708837 0.612794
0.708994 0.612759
0.709151 0.612723
0.709308 0.612686
0.709465 0.612647
0.709622 0.612607
0.709779 0.612573
0.709936 0.612542
0.710093 0.612514
0.71025 0.612487
0.710407 0.612458
0.710563 0.612428
0.71072 0.612393
0.710877 0.612346
0.711034 0.612294
0.711191 0.612251
0.711348 0.612217
0.711505 0.61218
0.711662 0.612132
0.711819 0.612075
0.711976 0.612019
0.712133 0.611978
0.71229 0.611948
0.712447 0.611913
0.712604 0.611873
0.712761 0.611827
0.712918 0.611777
0.713075 0.611736
0.713232 0.611706
0.713389 0.611676
0.713546 0.611645
0.713703 0.611604
0.71386 0.611548
0.714017 0.611493
0.714174 0.611447
0.714331 0.611398
0.714488 0.611347
0.714644 0.611303
0.714801 0.61126
0.714958 0.61121
0.715115 0.611156
0.715272 0.611107
0.715429 0.611068
0.715586 0.611033
0.715743 0.610989
0.7159 0.610938
0.716057 0.610893
0.716214 0.610852
0.716371 0.610812
0.716528 0.610763
0.716685 0.61071
0.716842 0.610665
0.716999 0.610621
0.717156 0.610569
0.717313 0.610518
0.71747 0.610473
0.717627 0.610433
0.717784 0.610385
0.717941 0.610331
0.718098 0.610285
0.718255 0.610248
0.718412 0.610215
0.718569 0.610175
0.718725 0.610128
0.718882 0.610078
0.719039 0.610026
0.719196 0.609974
0.719353 0.609924
0.71951 0.609874
0.719667 0.609827
0.719824 0.609789
0.719981 0.609755
0.720138 0.609713
0.720295 0.609661
0.720452 0.609603
0.720609 0.609545
0.720766 0.609496
0.720923 0.609453
0.72108 0.609409
0.721237 0.60937
0.721394 0.60933
0.721551 0.609286
0.721708 0.609239
0.721865 0.609189
0.722022 0.609138
0.722179 0.60909
0.722336 0.609044
0.722493 0.608998
0.72265 0.608952
0.722806 0.60891
0.722963 0.608869
0.72312 0.608824
0.723277 0.608787
0.723434 0.608757
0.723591 0.608726
0.723748 0.608696
0.723905 0.608661
0.724062 0.608618
0.724219 0.608577
0.724376 0.608541
0.724533 0.608508
0.72469 0.608479
0.724847 0.608444
0.725004 0.6084
0.725161 0.608352
0.725318 0.608304
0.725475 0.608263
0.725632 0.608234
0.725789 0.608204
0.725946 0.608168
0.726103 0.608135
0.72626 0.608108
0.726417 0.608079
0.726574 0.608046
0.72673 0.608016
0.726887 0.607989
0.727044 0.607953
0.727201 0.607907
0.727358 0.607863
0.727515 0.607822
0.727672 0.607779
0.727829 0.607731
0.727986 0.607683
0.728143 0.607636
0.7283 0.607597
0.728457 0.607569
0.728614 0.60754
0.728771 0.607505
0.728928 0.607469
0.729085 0.607432
0.729242 0.607391
0.729399 0.607343
0.729556 0.607299
0.729713 0.607261
0.72987 0.607225
0.730027 0.607187
0.730184 0.607149
0.730341 0.607115
0.730498 0.607087
0.730655 0.607066
0.730811 0.60704
0.730968 0.607005
0.731125 0.606968
0.731282 0.606927
0.731439 0.606886
0.731596 0.606844
0.731753 0.606803
0.73191 0.606767
0.732067 0.606733
0.732224 0.606701
0.732381 0.606665
0.732538 0.60662
0.732695 0.606579
0.732852 0.606552
0.733009 0.606526
0.733166 0.606493
0.733323 0.606456
0.73348 0.606417
0.733637 0.606376
0.733794 0.606335
0.733951 0.606296
0.734108 0.606261
0.734265 0.606229
0.734422 0.6062
0.734579 0.606169
0.734736 0.606131
0.734892 0.606088
0.735049 0.606039
0.735206 0.605993
0.735363 0.605963
0.73552 0.605939
0.735677 0.605899
0.735834 0.605847
0.735991 0.60579
0.736148 0.605732
0.736305 0.605689
0.736462 0.605659
0.736619 0.605623
0.736776 0.605584
0.736933 0.605545
0.73709 0.605506
0.737247 0.60547
0.737404 0.605436
0.737561 0.605395
0.737718 0.605347
0.737875 0.605296
0.738032 0.605242
0.738189 0.605188
0.738346 0.605134
0.738503 0.605087
0.73866 0.60505
0.738817 0.605008
0.738973 0.604957
0.73913 0.60491
0.739287 0.60487
0.739444 0.604832
0.739601 0.604794
0.739758 0.604758
0.739915 0.604723
0.740072 0.60468
0.740229 0.604624
0.740386 0.604568
0.740543 0.604517
0.7407 0.604466
0.740857 0.604412
0.741014 0.604358
0.741171 0.604308
0.741328 0.604263
0.741485 0.604225
0.741642 0.604185
0.741799 0.604141
0.741956 0.604093
0.742113 0.604039
0.74227 0.603976
0.742427 0.603907
0.742584 0.603846
0.742741 0.6038
0.742898 0.603761
0.743054 0.603721
0.743211 0.603676
0.743368 0.603626
0.743525 0.603574
0.743682 0.603524
0.743839 0.603478
0.743996 0.603427
0.744153 0.603374
0.74431 0.60333
0.744467 0.603287
0.744624 0.603232
0.744781 0.603174
0.744938 0.603124
0.745095 0.603083
0.745252 0.60315
0.745409 0.603108
0.745566 0.603064
0.745723 0.602918
0.74588 0.602874
0.746037 0.602825
0.746194 0.602774
0.746351 0.602725
0.746508 0.602677
0.746665 0.60263
0.746822 0.602588
0.746978 0.60255
0.747135 0.6025
0.747292 0.602444
0.747449 0.602398
0.747606 0.602362
0.747763 0.602329
0.74792 0.602299
0.748077 0.602256
0.748234 0.602205
0.748391 0.602157
0.748548 0.602109
0.748705 0.602061
0.748862 0.602013
0.749019 0.601964
0.749176 0.601917
0.749333 0.601876
0.74949 0.601839
0.749647 0.601807
0.749804 0.601777
0.749961 0.601747
0.750118 0.601723
0.750275 0.601692
0.750432 0.601647
0.750589 0.601608
0.750746 0.601577
0.750903 0.601538
0.751059 0.601494
0.751216 0.601452
0.751373 0.601408
0.75153 0.601359
0.751687 0.601309
0.751844 0.601269
0.752001 0.601239
0.752158 0.601209
0.752315 0.601173
0.752472 0.601137
0.752629 0.601104
0.752786 0.601072
0.752943 0.601039
0.7531 0.601007
0.753257 0.60097
0.753414 0.600926
0.753571 0.600879
0.753728 0.600837
0.753885 0.600802
0.754042 0.600772
0.754199 0.600742
0.754356 0.600708
0.754513 0.600666
0.75467 0.600627
0.754827 0.600596
0.754984 0.600564
0.75514 0.600529
0.755297 0.600492
0.755454 0.60045
0.755611 0.60041
0.755768 0.600382
0.755925 0.600362
0.756082 0.600336
0.756239 0.600302
0.756396 0.600267
0.756553 0.600231
0.75671 0.600187
0.756867 0.600141
0.757024 0.600106
0.757181 0.600078
0.757338 0.600043
0.757495 0.599996
0.757652 0.599939
0.757809 0.599885
0.757966 0.59984
0.758123 0.5998
0.75828 0.599758
0.758437 0.599715
0.758594 0.599666
0.758751 0.599613
0.758908 0.599568
0.759065 0.599529
0.759221 0.599488
0.759378 0.599447
0.759535 0.599414
0.759692 0.599389
0.759849 0.599359
0.760006 0.599323
0.760163 0.599282
0.76032 0.599241
0.760477 0.599199
0.760634 0.599158
0.760791 0.599115
0.760948 0.599066
0.761105 0.599011
0.761262 0.598951
0.761419 0.598894
0.761576 0.598845
0.761733 0.5988
0.76189 0.598754
0.762047 0.598711
0.762204 0.598676
0.762361 0.598644
0.762518 0.598612
0.762675 0.598579
0.762832 0.598535
0.762989 0.598483
0.763146 0.598433
0.763302 0.598384
0.763459 0.598332
0.763616 0.598277
0.763773 0.598227
0.76393 0.598183
0.764087 0.598137
0.764244 0.598088
0.764401 0.598037
0.764558 0.597984
0.764715 0.597928
0.764872 0.597866
0.765029 0.597804
0.765186 0.597746
0.765343 0.597694
0.7655 0.597647
0.765657 0.597597
0.765814 0.597542
0.765971 0.597484
0.766128 0.597423
0.766285 0.597368
0.766442 0.597316
0.766599 0.597267
0.766756 0.597222
0.766913 0.597179
0.76707 0.597134
0.767226 0.597087
0.767383 0.597037
0.76754 0.596984
0.767697 0.596931
0.767854 0.596877
0.768011 0.596821
0.768168 0.596763
0.768325 0.596714
0.768482 0.596673
0.768639 0.59663
0.768796 0.596581
0.768953 0.596529
0.76911 0.596477
0.769267 0.596431
0.769424 0.596394
0.769581 0.596357
0.769738 0.59631
0.769895 0.59626
0.770052 0.596218
0.770209 0.59618
0.770366 0.596142
0.770523 0.596103
0.77068 0.596062
0.770837 0.596017
0.770994 0.595972
0.771151 0.595925
0.771307 0.595871
0.771464 0.595811
0.771621 0.595753
0.771778 0.595697
0.771935 0.595646
0.772092 0.5956
0.772249 0.595554
0.772406 0.595509
0.772563 0.595464
0.77272 0.595418
0.772877 0.595379
0.773034 0.595349
0.773191 0.595316
0.773348 0.595274
0.773505 0.595227
0.773662 0.595176
0.773819 0.595122
0.773976 0.595067
0.774133 0.595015
0.77429 0.594966
0.774447 0.594922
0.774604 0.594882
0.774761 0.594844
0.774918 0.594806
0.775075 0.59477
0.775232 0.594735
0.775388 0.594701
0.775545 0.594665
0.775702 0.594627
0.775859 0.594586
0.776016 0.59454
0.776173 0.594499
0.77633 0.594465
0.776487 0.594434
0.776644 0.594406
0.776801 0.594375
0.776958 0.594339
0.777115 0.5943
0.777272 0.594264
0.777429 0.59423
0.777586 0.594196
0.777743 0.594162
0.7779 0.594131
0.778057 0.594095
0.778214 0.59405
0.778371 0.593999
0.778528 0.593939
0.778685 0.593876
0.778842 0.593823
0.778999 0.593777
0.779156 0.593728
0.779313 0.593675
0.779469 0.593618
0.779626 0.593559
0.779783 0.59351
0.77994 0.593472
0.780097 0.593434
0.780254 0.593396
0.780411 0.593355
0.780568 0.593305
0.780725 0.593254
0.780882 0.59321
0.781039 0.593171
0.781196 0.593131
0.781353 0.593091
0.78151 0.593058
0.781667 0.593028
0.781824 0.592991
0.781981 0.592951
0.782138 0.592911
0.782295 0.592869
0.782452 0.592821
0.782609 0.592771
0.782766 0.592721
0.782923 0.592672
0.78308 0.592623
0.783237 0.592577
0.783394 0.592533
0.78355 0.592487
0.783707 0.59244
0.783864 0.592397
0.784021 0.592356
0.784178 0.592307
0.784335 0.592252
0.784492 0.592206
0.784649 0.592162
0.784806 0.592109
0.784963 0.592053
0.78512 0.592005
0.785277 0.591965
0.785434 0.591927
0.785591 0.591885
0.785748 0.591839
0.785905 0.591791
0.786062 0.591739
0.786219 0.59168
0.786376 0.591624
0.786533 0.591579
0.78669 0.591539
0.786847 0.591501
0.787004 0.591461
0.787161 0.591411
0.787318 0.59135
0.787474 0.591284
0.787631 0.591222
0.787788 0.591172
0.787945 0.591125
0.788102 0.591079
0.788259 0.591035
0.788416 0.590983
0.788573 0.590924
0.78873 0.590871
0.788887 0.590821
0.789044 0.590765
0.789201 0.590706
0.789358 0.590648
0.789515 0.59059
0.789672 0.590536
0.789829 0.590487
0.789986 0.590441
0.790143 0.590394
0.7903 0.59035
0.790457 0.590316
0.790614 0.590283
0.790771 0.590244
0.790928 0.590204
0.791085 0.590165
0.791242 0.590127
0.791399 0.59009
0.791555 0.590045
0.791712 0.589995
0.791869 0.589942
0.792026 0.589884
0.792183 0.589826
0.79234 0.589775
0.792497 0.589728
0.792654 0.589676
0.792811 0.589621
0.792968 0.58957
0.793125 0.58952
0.793282 0.589464
0.793439 0.589403
0.793596 0.589346
0.793753 0.589287
0.79391 0.589227
0.794067 0.589176
0.794224 0.589134
0.794381 0.589094
0.794538 0.589055
0.794695 0.589016
0.794852 0.588972
0.795009 0.588923
0.795166 0.588875
0.795323 0.58883
0.79548 0.588784
0.795636 0.588733
0.795793 0.588678
0.79595 0.588633
0.796107 0.588597
0.796264 0.588557
0.796421 0.588514
0.796578 0.588476
0.796735 0.58844
0.796892 0.588395
0.797049 0.588346
0.797206 0.588299
0.797363 0.588253
0.79752 0.588202
0.797677 0.588151
0.797834 0.58811
0.797991 0.588079
0.798148 0.588045
0.798305 0.588
0.798462 0.587945
0.798619 0.587884
0.798776 0.587827
0.798933 0.587781
0.79909 0.587744
0.799247 0.587711
0.799404 0.587678
0.799561 0.587635
0.799717 0.587589
0.799874 0.587542
0.800031 0.587494
0.800188 0.587453
0.800345 0.58742
0.800502 0.58738
0.800659 0.587333
0.800816 0.587289
0.800973 0.587251
0.80113 0.587213
0.801287 0.587176
0.801444 0.587135
0.801601 0.587085
0.801758 0.587036
0.801915 0.586994
0.802072 0.586954
0.802229 0.586908
0.802386 0.586856
0.802543 0.586803
0.8027 0.586752
0.802857 0.586706
0.803014 0.586664
0.803171 0.586623
0.803328 0.586583
0.803485 0.586543
0.803642 0.586502
0.803798 0.586455
0.803955 0.586403
0.804112 0.586354
0.804269 0.586306
0.804426 0.586259
0.804583 0.586213
0.80474 0.586169
0.804897 0.586132
0.805054 0.586095
0.805211 0.586052
0.805368 0.586004
0.805525 0.585956
0.805682 0.585909
0.805839 0.585855
0.805996 0.585792
0.806153 0.585735
0.80631 0.585685
0.806467 0.585635
0.806624 0.585585
0.806781 0.585531
0.806938 0.585469
0.807095 0.585409
0.807252 0.585358
0.807409 0.585314
0.807566 0.585278
0.807722 0.585245
0.807879 0.585204
0.808036 0.585159
0.808193 0.585116
0.80835 0.585077
0.808507 0.585037
0.808664 0.584997
0.808821 0.584953
0.808978 0.584907
0.809135 0.584857
0.809292 0.584806
0.809449 0.584753
0.809606 0.584695
0.809763 0.584637
0.80992 0.584585
0.810077 0.584537
0.810234 0.584487
0.810391 0.584439
0.810548 0.584394
0.810705 0.58435
0.810862 0.584297
0.811019 0.584235
0.811176 0.584179
0.811333 0.58413
0.81149 0.584077
0.811647 0.584017
0.811803 0.583956
0.81196 0.5839
0.812117 0.583849
0.812274 0.583803
0.812431 0.583758
0.812588 0.583704
0.812745 0.583643
0.812902 0.583588
0.813059 0.58354
0.813216 0.583494
0.813373 0.583449
0.81353 0.583398
0.813687 0.583338
0.813844 0.583278
0.814001 0.583222
0.814158 0.583168
0.814315 0.583117
0.814472 0.583067
0.814629 0.583017
0.814786 0.582965
0.814943 0.582907
0.8151 0.582841
0.815257 0.582785
0.815414 0.582738
0.815571 0.582696
0.815728 0.582657
0.815884 0.582616
0.816041 0.582574
0.816198 0.582529
0.816355 0.58248
0.816512 0.582425
0.816669 0.582367
0.816826 0.582311
0.816983 0.582259
0.81714 0.582212
0.817297 0.582169
0.817454 0.582131
0.817611 0.582091
0.817768 0.582051
0.817925 0.582003
0.818082 0.581948
0.818239 0.581894
0.818396 0.581844
0.818553 0.581799
0.81871 0.58176
0.818867 0.581718
0.819024 0.58167
0.819181 0.581617
0.819338 0.581559
0.819495 0.5815
0.819652 0.581444
0.819809 0.581389
0.819965 0.581332
0.820122 0.581274
0.820279 0.581218
0.820436 0.581161
0.820593 0.581104
0.82075 0.581053
0.820907 0.581008
0.821064 0.580969
0.821221 0.580932
0.821378 0.580896
0.821535 0.580859
0.821692 0.580811
0.821849 0.580754
0.822006 0.580704
0.822163 0.580662
0.82232 0.580613
0.822477 0.580556
0.822634 0.580507
0.822791 0.580468
0.822948 0.580429
0.823105 0.580386
0.823262 0.580344
0.823419 0.580302
0.823576 0.580254
0.823733 0.580198
0.823889 0.580137
0.824046 0.580081
0.824203 0.58003
0.82436 0.579982
0.824517 0.579935
0.824674 0.579883
0.824831 0.579833
0.824988 0.579789
0.825145 0.57975
0.825302 0.579714
0.825459 0.579675
0.825616 0.579627
0.825773 0.579581
0.82593 0.579538
0.826087 0.579495
0.826244 0.57945
0.826401 0.579402
0.826558 0.579353
0.826715 0.579312
0.826872 0.579277
0.827029 0.579229
0.827186 0.579166
0.827343 0.5791
0.8275 0.579041
0.827657 0.578989
0.827814 0.578935
0.82797 0.578881
0.828127 0.578831
0.828284 0.578785
0.828441 0.578736
0.828598 0.578684
0.828755 0.578632
0.828912 0.578585
0.829069 0.57854
0.829226 0.578491
0.829383 0.578442
0.82954 0.578391
0.829697 0.578336
0.829854 0.578282
0.830011 0.578227
0.830168 0.578172
0.830325 0.578121
0.830482 0.578072
0.830639 0.578021
0.830796 0.577967
0.830953 0.577914
0.83111 0.577862
0.831267 0.577805
0.831424 0.577744
0.831581 0.577683
0.831738 0.577617
0.831895 0.577551
0.832051 0.577489
0.832208 0.577432
0.832365 0.577371
0.832522 0.577305
0.832679 0.577236
0.832836 0.577166
0.832993 0.577105
0.83315 0.577049
0.833307 0.576991
0.833464 0.576935
0.833621 0.576887
0.833778 0.57684
0.833935 0.576786
0.834092 0.576729
0.834249 0.576675
0.834406 0.576626
0.834563 0.576576
0.83472 0.57652
0.834877 0.576462
0.835034 0.576406
0.835191 0.576354
0.835348 0.576306
0.835505 0.576256
0.835662 0.576205
0.835819 0.57615
0.835976 0.576092
0.836132 0.576038
0.836289 0.575989
0.836446 0.575939
0.836603 0.575883
0.83676 0.575826
0.836917 0.575769
0.837074 0.575708
0.837231 0.575651
0.837388 0.5756
0.837545 0.575545
0.837702 0.575486
0.837859 0.575431
0.838016 0.575378
0.838173 0.575324
0.83833 0.575267
0.838487 0.575212
0.838644 0.57516
0.838801 0.575111
0.838958 0.575067
0.839115 0.575027
0.839272 0.574981
0.839429 0.57493
0.839586 0.574878
0.839743 0.574827
0.8399 0.574776
0.840057 0.574722
0.840213 0.574669
0.84037 0.574619
0.840527 0.574568
0.840684 0.574513
0.840841 0.574454
0.840998 0.574396
0.841155 0.574341
0.841312 0.574293
0.841469 0.57425
0.841626 0.574207
0.841783 0.574165
0.84194 0.574124
0.842097 0.574081
0.842254 0.574033
0.842411 0.573984
0.842568 0.573935
0.842725 0.573884
0.842882 0.573831
0.843039 0.573781
0.843196 0.573735
0.843353 0.573692
0.84351 0.57365
0.843667 0.573607
0.843824 0.57356
0.843981 0.573513
0.844137 0.573473
0.844294 0.573439
0.844451 0.57341
0.844608 0.57338
0.844765 0.573338
0.844922 0.573285
0.845079 0.573232
0.845236 0.57318
0.845393 0.57313
0.84555 0.573081
0.845707 0.573033
0.845864 0.572988
0.846021 0.572947
0.846178 0.572906
0.846335 0.572862
0.846492 0.572818
0.846649 0.572774
0.846806 0.572727
0.846963 0.572678
0.84712 0.572632
0.847277 0.57259
0.847434 0.572548
0.847591 0.572503
0.847748 0.57246
0.847905 0.572419
0.848062 0.572375
0.848218 0.572327
0.848375 0.572276
0.848532 0.572221
0.848689 0.572161
0.848846 0.5721
0.849003 0.572038
0.84916 0.571982
0.849317 0.571931
0.849474 0.571882
0.849631 0.571836
0.849788 0.571792
0.849945 0.571751
0.850102 0.571712
0.850259 0.571669
0.850416 0.571624
0.850573 0.571573
0.85073 0.571517
0.850887 0.571463
0.851044 0.571411
0.851201 0.571359
0.851358 0.571307
0.851515 0.571257
0.851672 0.571211
0.851829 0.571168
0.851986 0.57112
0.852143 0.571067
0.852299 0.571009
0.852456 0.570947
0.852613 0.570888
0.85277 0.570835
0.852927 0.57078
0.853084 0.570719
0.853241 0.570656
0.853398 0.570598
0.853555 0.570541
0.853712 0.57048
0.853869 0.570414
0.854026 0.570353
0.854183 0.570299
0.85434 0.570242
0.854497 0.570181
0.854654 0.570122
0.854811 0.570069
0.854968 0.570018
0.855125 0.569963
0.855282 0.569905
0.855439 0.569845
0.855596 0.569782
0.855753 0.569723
0.85591 0.569667
0.856067 0.56961
0.856224 0.569551
0.85638 0.569492
0.856537 0.569433
0.856694 0.569376
0.856851 0.569324
0.857008 0.569276
0.857165 0.569223
0.857322 0.569165
0.857479 0.569107
0.857636 0.569049
0.857793 0.568989
0.85795 0.568926
0.858107 0.568864
0.858264 0.568806
0.858421 0.568751
0.858578 0.568696
0.858735 0.568642
0.858892 0.568583
0.859049 0.568521
0.859206 0.568462
0.859363 0.568409
0.85952 0.568354
0.859677 0.568292
0.859834 0.568227
0.859991 0.568168
0.860148 0.568112
0.860305 0.56806
0.860461 0.568011
0.860618 0.567967
0.860775 0.567927
0.860932 0.567884
0.861089 0.567833
0.861246 0.567776
0.861403 0.567714
0.86156 0.567648
0.861717 0.56758
0.861874 0.567511
0.862031 0.567444
0.862188 0.567377
0.862345 0.567314
0.862502 0.567256
0.862659 0.567199
0.862816 0.567141
0.862973 0.567087
0.86313 0.567035
0.863287 0.566982
0.863444 0.566922
0.863601 0.566856
0.863758 0.566793
0.863915 0.566734
0.864072 0.56668
0.864229 0.566632
0.864385 0.566583
0.864542 0.566529
0.864699 0.566475
0.864856 0.566425
0.865013 0.56638
0.86517 0.566332
0.865327 0.56628
0.865484 0.566228
0.865641 0.56618
0.865798 0.566132
0.865955 0.566079
0.866112 0.566026
0.866269 0.565974
0.866426 0.56592
0.866583 0.565863
0.86674 0.565808
0.866897 0.56576
0.867054 0.565716
0.867211 0.565675
0.867368 0.565632
0.867525 0.565581
0.867682 0.565529
0.867839 0.565478
0.867996 0.565425
0.868153 0.565369
0.86831 0.565316
0.868466 0.565266
0.868623 0.565215
0.86878 0.565161
0.868937 0.565108
0.869094 0.56505
0.869251 0.564987
0.869408 0.564927
0.869565 0.56487
0.869722 0.564817
0.869879 0.564766
0.870036 0.564714
0.870193 0.564657
0.87035 0.564597
0.870507 0.56454
0.870664 0.564488
0.870821 0.564434
0.870978 0.564376
0.871135 0.564315
0.871292 0.564255
0.871449 0.5642
0.871606 0.564145
0.871763 0.564087
0.87192 0.56403
0.872077 0.563974
0.872234 0.563914
0.872391 0.563848
0.872547 0.563783
0.872704 0.563724
0.872861 0.563668
0.873018 0.56361
0.873175 0.563549
0.873332 0.563491
0.873489 0.563435
0.873646 0.563375
0.873803 0.563311
0.87396 0.563248
0.874117 0.563188
0.874274 0.563128
0.874431 0.563063
0.874588 0.562994
0.874745 0.562926
0.874902 0.562864
0.875059 0.562801
0.875216 0.56274
0.875373 0.562681
0.87553 0.562623
0.875687 0.562565
0.875844 0.562509
0.876001 0.562454
0.876158 0.562397
0.876315 0.562339
0.876472 0.562283
0.876628 0.562225
0.876785 0.562163
0.876942 0.562098
0.877099 0.562034
0.877256 0.561973
0.877413 0.561913
0.87757 0.561848
0.877727 0.561784
0.877884 0.561722
0.878041 0.561663
0.878198 0.561608
0.878355 0.561552
0.878512 0.561538
0.878669 0.561504
0.878826 0.561468
0.878983 0.561432
0.87914 0.5614
0.879297 0.561372
0.879454 0.561342
0.879611 0.561309
0.879768 0.561277
0.879925 0.561249
0.880082 0.561221
0.880239 0.561192
0.880396 0.561163
0.880553 0.561134
0.880709 0.561108
0.880866 0.561087
0.881023 0.561073
0.88118 0.561058
0.881337 0.561039
0.881494 0.561017
0.881651 0.560994
0.881808 0.560971
0.881965 0.560953
0.882122 0.560939
0.882279 0.560924
0.882436 0.560907
0.882593 0.560893
0.88275 0.560885
0.882907 0.560878
0.883064 0.560869
0.883221 0.56086
0.883378 0.560853
0.883535 0.560849
0.883692 0.560843
0.883849 0.560835
0.884006 0.560831
0.884163 0.560832
0.88432 0.563047
0.884477 0.534656
0.884633 0.534378
0.88479 0.534089
0.884947 0.533789
0.885104 0.533471
0.885261 0.533137
0.885418 0.532796
0.885575 0.532447
0.885732 0.532086
0.885889 0.531709
0.886046 0.531323
0.886203 0.530934
0.88636 0.532984
0.886517 0.532561
0.886674 0.53212
0.886831 0.528654
0.886988 0.528194
0.887145 0.530268
0.887302 0.532464
0.887459 0.537765
0.887616 0.540317
0.887773 0.549724
0.88793 0.549083
0.888087 0.549381
0.888244 0.545701
0.888401 0.541761
0.888558 0.550143
0.888714 0.549869
0.888871 0.549568
0.889028 0.5493
0.889185 0.549061
0.889342 0.559135
0.889499 0.554083
0.889656 0.553988
0.889813 0.547556
0.88997 0.553345
0.890127 0.545051
0.890284 0.555063
0.890441 0.554657
0.890598 0.55928
0.890755 0.558446
0.890912 0.557475
0.891069 0.550124
0.891226 0.549109
0.891383 0.548126
0.89154 0.547102
0.891697 0.546044
0.891854 0.545058
0.892011 0.544004
0.892168 0.542983
0.892325 0.542031
0.892482 0.540992
0.892639 0.540835
0.892795 0.542427
0.892952 0.541622
0.893109 0.540831
0.893266 0.534129
0.893423 0.53366
0.89358 0.533123
0.893737 0.537925
0.893894 0.548395
0.894051 0.558056
0.894208 0.573709
0.894365 0.575832
0.894522 0.577532
0.894679 0.57094
0.894836 0.574588
0.894993 0.440526
0.89515 0.431334
0.895307 0.416757
0.895464 0.416051
0.895621 0.415506
0.895778 0.414909
0.895935 0.420277
0.896092 0.405025
0.896249 0.404083
0.896406 0.403233
0.896563 0.402475
0.89672 0.401775
0.896876 0.401105
0.897033 0.400463
0.89719 0.399814
0.897347 0.404182
0.897504 0.403506
0.897661 0.402825
0.897818 0.402139
0.897975 0.401443
0.898132 0.405391
0.898289 0.404669
0.898446 0.403942
0.898603 0.407644
0.89876 0.406895
0.898917 0.406138
0.899074 0.405371
0.899231 0.404595
0.899388 0.403807
0.899545 0.403008
0.899702 0.402194
0.899859 0.401366
0.900016 0.400525
0.900173 0.399671
0.90033 0.3988
0.900487 0.396263
0.900644 0.392155
0.900801 0.380135
0.900957 0.373286
0.901114 0.373625
0.901271 0.373968
0.901428 0.374314
0.901585 0.374664
0.901742 0.375018
0.901899 0.373072
0.902056 0.377422
0.902213 0.393267
0.90237 0.418879
0.902527 0.424437
0.902684 0.432708
0.902841 0.434487
0.902998 0.434495
0.903155 0.434503
0.903312 0.434512
0.903469 0.434522
0.903626 0.434534
0.903783 0.434549
0.90394 0.434568
0.904097 0.434593
0.904254 0.434617
0.904411 0.434638
0.904568 0.434654
0.904725 0.434672
0.904881 0.434692
0.905038 0.434856
0.905195 0.434312
0.905352 0.434214
0.905509 0.434112
0.905666 0.434012
0.905823 0.433931
0.90598 0.433928
0.906137 0.433923
0.906294 0.43392
0.906451 0.434155
0.906608 0.434021
0.906765 0.433903
0.906922 0.433793
0.907079 0.433677
0.907236 0.433566
0.907393 0.433581
0.90755 0.433641
0.907707 0.433684
0.907864 0.433606
0.908021 0.433524
0.908178 0.433463
0.908335 0.432998
0.908492 0.432724
0.908649 0.432763
0.908806 0.432808
0.908962 0.432852
0.909119 0.432895
0.909276 0.432935
0.909433 0.432462
0.90959 0.432651
0.909747 0.432756
0.909904 0.432827
0.910061 0.432903
0.910218 0.433045
0.910375 0.433229
0.910532 0.433275
0.910689 0.433273
0.910846 0.433474
0.911003 0.433691
0.91116 0.431729
0.911317 0.419728
0.911474 0.419836
0.911631 0.419872
0.911788 0.419905
0.911945 0.419936
0.912102 0.41996
0.912259 0.420046
0.912416 0.420152
0.912573 0.418567
0.91273 0.418687
0.912887 0.41884
0.913043 0.418943
0.9132 0.419012
0.913357 0.419056
0.913514 0.419098
0.913671 0.419166
0.913828 0.419245
0.913985 0.419324
0.914142 0.422127
0.914299 0.421762
0.914456 0.421245
0.914613 0.420264
0.91477 0.419432
0.914927 0.418541
0.915084 0.417612
0.915241 0.416767
0.915398 0.415882
0.915555 0.414989
0.915712 0.414147
0.915869 0.40744
0.916026 0.39769
0.916183 0.3871
0.91634 0.381048
0.916497 0.37988
0.916654 0.379003
0.916811 0.378253
0.916968 0.377729
0.917124 0.377605
0.917281 0.377464
0.917438 0.377389
0.917595 0.377437
0.917752 0.377456
0.917909 0.377413
0.918066 0.377428
0.918223 0.377494
0.91838 0.377569
0.918537 0.377619
0.918694 0.377663
0.918851 0.377776
0.919008 0.377874
0.919165 0.377945
0.919322 0.379723
0.919479 0.379808
0.919636 0.379708
0.919793 0.379656
0.91995 0.377879
0.920107 0.377659
0.920264 0.377022
0.920421 0.377194
0.920578 0.377144
0.920735 0.377818
0.920892 0.37849
0.921049 0.37916
0.921205 0.375962
0.921362 0.375008
0.921519 0.374041
0.921676 0.373092
0.921833 0.37214
0.92199 0.371192
0.922147 0.37026
0.922304 0.36931
0.922461 0.368457
0.922618 0.368306
0.922775 0.367577
0.922932 0.366828
0.923089 0.366006
0.923246 0.365283
0.923403 0.364542
0.92356 0.36381
0.923717 0.363124
0.923874 0.362425
0.924031 0.36174
0.924188 0.361074
0.924345 0.358599
0.924502 0.357951
0.924659 0.357325
0.924816 0.356731
0.924973 0.356156
0.925129 0.355629
0.925286 0.355073
0.925443 0.35454
0.9256 0.354042
0.925757 0.353564
0.925914 0.354641
0.926071 0.351352
0.926228 0.351219
0.926385 0.350765
0.926542 0.350344
0.926699 0.349939
0.926856 0.349548
0.927013 0.349167
0.92717 0.348796
0.927327 0.348438
0.927484 0.348092
0.927641 0.347754
0.927798 0.347424
0.927955 0.347102
0.928112 0.34679
0.928269 0.346488
0.928426 0.346196
0.928583 0.345916
0.92874 0.345647
0.928897 0.346277
0.929054 0.347764
0.92921 0.347267
0.929367 0.346769
0.929524 0.346268
0.929681 0.345765
0.929838 0.345257
0.929995 0.344744
0.930152 0.343947
0.930309 0.343144
0.930466 0.342336
0.930623 0.341522
0.93078 0.340702
0.930937 0.339876
0.931094 0.339045
0.931251 0.33821
0.931408 0.337398
0.931565 0.336908
0.931722 0.336456
0.931879 0.336153
0.932036 0.335594
0.932193 0.335618
0.93235 0.336732
0.932507 0.33712
0.932664 0.33755
0.932821 0.337945
0.932978 0.338276
0.933135 0.33857
0.933291 0.338837
0.933448 0.339103
0.933605 0.339332
0.933762 0.339509
0.933919 0.339641
0.934076 0.339741
0.934233 0.339832
0.93439 0.338965
0.934547 0.338116
0.934704 0.337292
0.934861 0.336494
0.935018 0.275919
0.935175 0.274561
0.935332 0.273238
0.935489 0.271954
0.935646 0.270708
0.935803 0.269494
0.93596 0.268304
0.936117 0.267146
0.936274 0.266016
0.936431 0.264914
0.936588 0.263838
0.936745 0.262794
0.936902 0.261784
0.937059 0.2608
0.937216 0.259837
0.937372 0.258893
0.937529 0.257967
0.937686 0.257384
0.937843 0.259378
0.938 0.244709
0.938157 0.243481
0.938314 0.243555
0.938471 0.243548
0.938628 0.243524
0.938785 0.243512
0.938942 0.243509
0.939099 0.243535
0.939256 0.243569
0.939413 0.243613
0.93957 0.243666
0.939727 0.243729
0.939884 0.2438
0.940041 0.243876
0.940198 0.243961
0.940355 0.244059
0.940512 0.244167
0.940669 0.243047
0.940826 0.243939
0.940983 0.2456
0.94114 0.2456
0.941296 0.2456
0.941453 0.2456
0.94161 0.2456
0.941767 0.2456
0.941924 0.2456
0.942081 0.2456
0.942238 0.2456
0.942395 0.2456
0.942552 0.2456
0.942709 0.2456
0.942866 0.2456
0.943023 0.2456
0.94318 0.2456
0.943337 0.2456
0.943494 0.2456
0.943651 0.244924
0.943808 0.246404
0.943965 0.24833
0.944122 0.25379
0.944279 0.268233
0.944436 0.271665
0.944593 0.276024
0.94475 0.27622
0.944907 0.278336
0.945064 0.28041
0.945221 0.282463
0.945377 0.284472
0.945534 0.286434
0.945691 0.288338
0.945848 0.290206
0.946005 0.290451
0.946162 0.289151
0.946319 0.289437
0.946476 0.303144
0.946633 0.304694
0.94679 0.306217
0.946947 0.307709
0.947104 0.307269
0.947261 0.308716
0.947418 0.310138
0.947575 0.31153
0.947732 0.312894
0.947889 0.314229
0.948046 0.315549
0.948203 0.316848
0.94836 0.318128
0.948517 0.319417
0.948674 0.320686
0.948831 0.32192
0.948988 0.323108
0.949145 0.324273
0.949302 0.325406
0.949458 0.325226
0.949615 0.326316
0.949772 0.327417
0.949929 0.328549
0.950086 0.321819
0.950243 0.323677
0.9504 0.3247
0.950557 0.325795
0.950714 0.325417
0.950871 0.326399
0.951028 0.327394
0.951185 0.327802
0.951342 0.328632
0.951499 0.329658
0.951656 0.330712
0.951813 0.331134
0.95197 0.332174
0.952127 0.333207
0.952284 0.333621
0.952441 0.334368
0.952598 0.33434
0.952755 0.334446
0.952912 0.334558
0.953069 0.334677
0.953226 0.334803
0.953383 0.334937
0.953539 0.33508
0.953696 0.33523
0.953853 0.335387
0.95401 0.335549
0.954167 0.335718
0.954324 0.335894
0.954481 0.336078
0.954638 0.33627
0.954795 0.336468
0.954952 0.336673
0.955109 0.336885
0.955266 0.3371
0.955423 0.337319
0.95558 0.337541
0.955737 0.337773
0.955894 0.338015
0.956051 0.338266
0.956208 0.338524
0.956365 0.338867
0.956522 0.33937
0.956679 0.339873
0.956836 0.340376
0.956993 0.340878
0.95715 0.34138
0.957307 0.341882
0.957464 0.342383
0.95762 0.342884
0.957777 0.343385
0.957934 0.343886
0.958091 0.344387
0.958248 0.344889
0.958405 0.345388
0.958562 0.345884
0.958719 0.346376
0.958876 0.346867
0.959033 0.347357
0.95919 0.347846
0.959347 0.348339
0.959504 0.348835
0.959661 0.349332
0.959818 0.349825
0.959975 0.350316
0.96 0
